11. INDEX POETARUM. 491 .

666661. 1611111119, 46, 44, 41, 56, 586166, 18, 81.
8196. 9196, 116118. 11.4,9,1,16.14.1618111614.
11. 69. 61. 1111. lv. 6. 4. 8. 9. 14.- 15. 19. 19. 1561. 64.
65. 61. 66. 64,19. 11. 11. 16. 18. 19. 89. 81. 96. 94. 96. 98. 99.
119. V. 96. 91. 48. 99. 199. 1911911911. 164. 165. 196. 191.
168. 11, 61. 11111611. 14. 11. 66. 41, 55. 56. 91, 91. 96.
61.16.14.18; 81. 88. 89. 99. 1111. 11. 16. 11.-161119. 11.
fil. 84. 89. 9199111. 111. 116. 111119. 141. 1411149. 151.
6661666666666666
1614. X 1’1 18, 85. 68. 44. 66. 61. 91. 969596. 199.
194.168..11116..·..1118.596114-88 - --

6116616161 (airon 0140) 1 48.

61166166 (1166 66661111. 69. 61. 69. 49. 66. 111 25. 111. 44.
11,1,16.89,49.89.16’1.165.1111116811. 16111111.
45. 48.Ι 66. 19, 88181111. 144. lx. 1618. 1911. 16. 11;
61. X. 19. 46.Ι 46, 61. 1618. 88. 195. 111. 1. 1. 11. 64, 65. 46.

61166166 81666161. (6666601. 145.) 141116. 11. 16, 111.
4. 15. 11. 1. 11. 16. 69. 68. 44. 45. 46. 91. vlu, 18199. 119,
119. xus Meo· “ “ ”

minator- 1166666. fortasse 1166 cum 166666166166611.
(6616616666666611166611.) 1. 15. 111. 1111619. 61. 55.
69-6991-111. 11146 11. 41. 49. 19191165. 1121.
261129, 56. 98. xl. 69, 44. 51.

611616666. (66161666ιίᾶ616616616661566.66661666611 66161661
proxime 66666666.) 666. 414414 66. 6166. 616666

6116161166(6616116666616661666661016.) 11161. 44. 8. 9. ,
11. 1118. 168169. «1146. 1111, 11. 1111611141. 11114,
84. 49. -59, 1116.. 1451. 84. 89. 8198191. 1111111641.

616616616611661111.1.,18

61661661661666.111,8.

6616166601. 119.)1 68.,- 6111168 6111116166. Χ..18
15. 11. 18. 41. 19 111. 2⁹

6611661666 8616666666. 11611666666101166616 16111
89.·..11111 1111618186169. 11156. 116656 11164.

ι66166ε86161661166ε, (6661666616666166616) lx. 46.

66161666.66511661611669166666111161666661616166661116166.λ

111. 19.

661616166111161166661 161616661616 666166. 666666 66166661-
mus 66, 661 6111666666 defensus Romam 6661101. 1696)
19113.. 44. 4⁹⁹.- 9. 41. 24: 11. 16, 414.. 41. 1111.. 49. 4⁵..

11116 111...48. ..

66166166 Ι.. 19. ,

 

